accuracy: 0.6212121212121212
f1: 0.7097961494903737
features_count: 48
precision: 0.6180966469428008
recall: 0.8334441489361702
roc_auc: 0.655182339606861
test_rows: 5412
