accuracy: 0.6232446415373245
f1: 0.6886547564513666
features_count: 48
precision: 0.6368257554363175
recall: 0.7496675531914894
roc_auc: 0.661539416796474
test_rows: 5412
